"Feed Forward","",50,10,3,70,50,50,NA,NA,NA,NA,"adam",0.394417056441307,0.825285911560059,0.729457062482834,0.703206706047058,0.873926937580109,0.67267644405365
"Feed Forward","added issue_dt",50,5,3,70,50,50,NA,NA,NA,NA,"adam",0.485737311840057,0.769418811798096,0.548277163505554,0.731694161891937,0.566439032554626,0.722327053546906
"Feed Forward","",50,10,3,70,50,50,NA,NA,NA,NA,"adam",0.356139689683914,0.844356250762939,0.760818237066269,0.705576401948929,0.862291634082794,0.68577915430069
"Feed Forward","",100,10,3,70,50,50,NA,NA,NA,NA,"adam",0.203246854245663,0.915176409482956,1.18953860998154,0.686108297109604,1.41593623161316,0.672466814517975
"Feed Forward","",100,5,3,70,50,50,NA,NA,NA,NA,"adam",0.441161480545998,0.79602844119072,0.594596093893051,0.720395129919052,0.620868563652039,0.715478658676147
"Feed Forward","",200,5,3,70,50,50,NA,NA,NA,NA,"adam",0.356807795166969,0.841843891143799,0.687379235029221,0.705846393108368,0.71596896648407,0.699336111545563
"Feed Forward","",200,10,5,600,400,200,100,50,NA,NA,"adam",0.0611070953309536,0.976856791973114,2.09248919487,0.678968948125839,2.2528932094574,0.662893056869507
"Feed Forward","added out_prncp",50,5,4,350,200,100,50,NA,NA,NA,"adam",0.349758103489876,0.850864827632904,0.432539668679237,0.818996268510819,0.463152378797531,0.802306056022644
"Feed Forward","added total_rec_int,total_rec_prncp",50,5,4,350,200,100,50,NA,NA,NA,"adam",0.0197979021817446,0.992796146869659,0.0742445524781942,0.983841425180435,0.0636391341686249,0.984521329402924
"Feed Forward","",50,10,4,350,200,100,50,NA,NA,NA,"adam",0.00559077020734549,0.998064082860947,0.120361799001694,0.982601553201675,0.121505007147789,0.983193576335907
"Feed Forward","",50,6,4,350,200,100,50,NA,NA,NA,"adam",0.014531296864152,0.994672077894211,0.0871185846626759,0.982811522483826,0.0792088508605957,0.98176097869873
"Feed Forward","",100,5,4,350,200,100,50,NA,NA,NA,"adam",0.0118893754668534,0.995682793855667,0.0766952686011791,0.983841419219971,0.0760223194956779,0.985674381256104
"Feed Forward","",100,5,4,600,400,200,50,NA,NA,NA,"adam",0.0120338314212859,0.995652800798416,0.0763253502547741,0.983781415224075,0.0713996514678001,0.98574423789978
"Feed Forward","",100,5,4,600,400,200,50,NA,NA,NA,"rms_prop",0.0404763281345367,0.989180886745453,0.0489999655634165,0.987401115894318,0.0500766262412071,0.988155126571655
